78618
1368055
81083
601643
204394
688363
358353
75057
474822
38492
78533
1368059
237740
852620
1102667
59299
702400
117000
762587
42941
263993
51017
84625
98325
77019
667995
61635
85537
94085
611677
954132
38753
206319
99982
1368056
1494102
265590
131980
38557
51333
37111
1344061
41086
96131
125882
37415
41939
42372
497995
39123
39298
91285
63557
51332
105335
39108
252633
415278
105858
498979
123794
236241
57942
1368064
112564
52054
103742
236146
78253
125514
257595
697602
75977
111959
132435
38559
51355
740640
278460
74459
45133
73192
38554
472069
41705
96675
55928
37992
115733
79239
41085
648236
243014
1432739
138194
1063859
815482
1043471
859653
76728
