859653
112564
39806
41080
98325
263996
75493
1572508
75057
64316
125514
38559
138194
38157
93957
125882
1368056
55928
206319
257599
37415
41086
958470
51332
697602
263993
41085
106838
73020
1038441
37111
48620
81121
318843
111959
601643
260543
51017
247070
45133
45122
203285
204394
263998
1368055
333705
84625
96139
39123
73177
133989
78533
131980
204396
51347
237740
41939
79020
85790
1772312
66375
170991
497995
42941
105335
472003
81084
64445
1102667
76728
1772309
42821
688363
197005
63467
39298
533695
51911
123794
40176
1368058
852620
103742
126542
51333
72780
93128
38554
42372
39157
83597
38557
257598
96131
1432739
93364
393207
45341
41705
52054
82323
260224
64446
92981
611682
38753
85537
51355
859651
265590
70064
451870
611677
948116
261582
51354
84617
236241
135793
859655
81083
257595
1176422
257587
367344
519509
131326
409631
38492
277704
96675
1368073
105858
385609
1681121
53449
99982
1368072
649540
931877
39107
1368062
1368064
73192
498979
94085
613708
78224
59408
838514
75103
252633
1368068
286886
740640
127249
91285
57312
78618
472005
954132
252785
74459
72869
277710
278155
243014
87657
415278
58168
1368059
81214
278460
1458705
113999
648236
81206
61635
63557
81202
472131
39108
78253
37992
1043471
79239
1494102
702400
358353
399563
97674
1344061
117000
399567
150242
115733
353684
667995
313917
301805
236146
1706477
1063859
441709
55401
57942
636818
472129
75977
77019
80516
669972
59299
222687
815482
474822
762587
132435
472069
124249
